$ANSIBLE_VAULT;1.1;AES256
64343136313435646234346461643166646262626461643233313538326232396265366532643061
6365393866346132636361323562393636373232623131300a306438646233613933396362653761
62656333333163336139323263653064393437353966633836313733666533386336663862383237
3531653431613234650a643736363230373134316166616237303262613432336261393136656630
38326638633137353162356338656530346364366434336430333734646236646539383364666431
66396639393038336263633936626263633233366234623339633661646433643337303334343438
35303133383035363731643738383938333338386238623237363863323762396165386130636430
66653764383930663361646138343332666131633138363138653535323266663035313734623938
38623662343665613264303734363335393563343934363134656266616563333039316134326466
33656165393131643339633238343036303131373830373030303864356638636463623561313835
65316333623239643635303032633036663533353337306366333136393133636564656431653064
36663133646366653433396563663762643362303363383135386262653862313362343466346535
37616635373065323335363836383962616264366637393461336333663863333461363931363430
31323563613434326639313032393762623134643537323239363131643332393934316162646434
37333833396130376338343131323365633063636363633865613764366130353331636436383336
37363838363230373363306363303065663933663064613430373939323732656632636137613964
63633562636437646662636465633232323864653264623164313266323665386462373562303866
61363432336536316631333232636165313034623239353633316365396531336463373537313466
64383362666663326430666665633131343832316635663763363165303530633631643437613837
31386130663735643165646362303133336333666233393233373766313334326161633237616134
38616330343638396435623732393262663166646164343866373934613430656434396330346135
63336162363866666161343362616134643937313564383262613866316336653230306537306164
32336335613135383530363535343434393633623137323037313033336362333533386431623530
37366230313037656166323166326261303735366266633364346563373632656664303262323562
33633739306363356236343738306435346432663165323963396435663238393866323862623939
33663732643466306664376637316534306238346330363934323565613663643132386434393435
39303162353336666632616666363563316462663435653761663665336439393839633766316339
36646431346332646463346135333961636561653466373965623764613830326135653935623436
39353730323434616566643435306538393432613334346336343438336539393733393264363863
30306437653033656535613937386536353539343562326562303339653037326666343665393835
32343933366632636264353837356365363135306662366333346139666335393837303964626336
65363065643032626333653132303761313034613661613466363933343265386166333938623465
66336232303461613265363934393266643035363234643236626163363338353662656332616566
3935316262623433363231346235303330653332323132303662
